# MPC Residual History
# Format: initTime totalPrimalResidual perConstraintResidual_0 perConstraintResidual_1 ...
# Each line represents one MPC solve
0.0000000000e+00 2.8568438944e+00 2.0200967706e+00 2.0200906105e+00
0.0000000000e+00 6.4475736104e-01 4.5591251703e-01 4.5591208739e-01
1.0000000000e-02 2.2350503847e-01 1.5804361180e-01 1.5804024485e-01
2.0000000000e-02 3.7991652350e-01 2.6864257853e-01 2.6864052157e-01
3.0000000000e-02 2.7261360758e-01 1.9276668358e-01 1.9276717755e-01
4.0000000000e-02 7.2848316079e-02 5.1511200964e-02 5.1511875629e-02
5.0000000000e-02 7.0621361160e-02 4.9936824528e-02 4.9936862219e-02
6.0000000000e-02 6.1284597253e-02 4.3334425257e-02 4.3335083340e-02
7.0000000000e-02 1.1384595446e-01 8.0498891821e-02 8.0503600927e-02
8.0000000000e-02 3.2979743117e-02 2.3319944474e-02 2.3320455522e-02
9.0000000000e-02 2.7295284372e-02 1.9300259351e-02 1.9301101988e-02
1.0000000000e-01 2.6465070304e-02 1.8713280873e-02 1.8713980473e-02
1.1000000000e-01 2.4705404970e-02 1.7469104567e-02 1.7469614202e-02
1.2000000000e-01 2.2515387334e-02 1.5920682396e-02 1.5920883734e-02
1.3000000000e-01 2.0649862004e-02 1.4601511000e-02 1.4601803906e-02
1.4000000000e-01 1.9082345653e-02 1.3493278346e-02 1.3493233679e-02
1.5000000000e-01 1.7745966269e-02 1.2548352859e-02 1.2548233315e-02
1.6000000000e-01 1.6652035683e-02 1.1774802805e-02 1.1774731899e-02
1.7000000000e-01 1.5714889489e-02 1.1112175344e-02 1.1112034502e-02
1.8000000000e-01 1.4908269567e-02 1.0541729752e-02 1.0541747261e-02
1.9000000000e-01 1.4267152089e-02 1.0088574882e-02 1.0088225096e-02
2.0000000000e-01 1.3611431077e-02 9.6246708717e-03 9.6247995597e-03
2.1000000000e-01 1.2943797395e-02 9.1527417656e-03 9.1525520580e-03
2.2000000000e-01 1.2319219528e-02 8.7109774556e-03 8.7110298792e-03
2.3000000000e-01 1.1663812158e-02 8.2476222860e-03 8.2474990559e-03
2.4000000000e-01 1.0963903337e-02 7.7527455447e-03 7.7525552505e-03
2.5000000000e-01 1.0392331811e-02 7.3484766653e-03 7.3484999260e-03
2.6000000000e-01 1.0181364542e-02 7.1993434451e-03 7.1992803733e-03
2.7000000000e-01 1.0176145731e-02 7.1957721596e-03 7.1954711428e-03
2.8000000000e-01 1.0145584816e-02 7.1741393125e-03 7.1738843304e-03
2.9000000000e-01 9.8327980149e-03 6.9530543245e-03 6.9526219776e-03
3.0000000000e-01 9.3348421969e-03 6.6010721760e-03 6.6003882438e-03
3.1000000000e-01 8.8374496954e-03 6.2491705291e-03 6.2488706833e-03
3.2000000000e-01 8.9524804441e-03 6.3305068438e-03 6.3302124137e-03
3.3000000000e-01 8.6551636194e-03 6.1203240023e-03 6.1199257663e-03
3.4000000000e-01 8.2108397030e-03 5.8060804479e-03 5.8058004153e-03
3.5000000000e-01 7.7464219834e-03 5.4776846759e-03 5.4774103495e-03
3.6000000000e-01 7.1964759190e-03 5.0887921521e-03 5.0885616913e-03
3.7000000000e-01 6.6667012073e-03 4.7141566514e-03 4.7139826107e-03
3.8000000000e-01 6.1544950523e-03 4.3519688455e-03 4.3518015254e-03
3.9000000000e-01 5.6319484234e-03 3.9824644960e-03 3.9823133455e-03
4.0000000000e-01 5.2868252253e-03 3.7384031551e-03 3.7382967797e-03
4.1000000000e-01 4.9227966323e-03 3.4810475635e-03 3.4808381955e-03
4.2000000000e-01 4.4622761097e-03 3.1553696360e-03 3.1552417562e-03
4.3000000000e-01 4.0883575505e-03 2.8909854112e-03 2.8908252824e-03
4.4000000000e-01 3.7358510534e-03 2.6417143860e-03 2.6415768390e-03
4.5000000000e-01 3.3994124987e-03 2.4037521143e-03 2.4037431454e-03
4.6000000000e-01 3.0858488488e-03 2.1820115892e-03 2.1820377042e-03
4.7000000000e-01 2.8012773317e-03 1.9808274308e-03 1.9807769634e-03
4.8000000000e-01 2.5609173419e-03 1.8108894858e-03 1.8107945500e-03
4.9000000000e-01 2.4017076195e-03 1.6982764350e-03 1.6982510532e-03
5.0000000000e-01 2.5263591902e-03 1.7865823320e-03 1.7862290808e-03
5.1000000000e-01 2.4392785527e-03 1.7249611088e-03 1.7246996930e-03
5.2000000000e-01 2.3811908044e-03 1.6836746328e-03 1.6838376934e-03
5.3000000000e-01 2.3842460118e-03 1.6857859744e-03 1.6860470614e-03
5.4000000000e-01 2.4210302672e-03 1.7120297913e-03 1.7118240413e-03
5.5000000000e-01 2.3424725101e-03 1.6565448753e-03 1.6562115012e-03
5.6000000000e-01 2.3484125125e-03 1.6605812409e-03 1.6605755843e-03
5.7000000000e-01 2.3561293658e-03 1.6661152239e-03 1.6659548761e-03
5.8000000000e-01 2.3511757531e-03 1.6624899689e-03 1.6625746675e-03
5.9000000000e-01 2.3345643486e-03 1.6507169219e-03 1.6508556392e-03
6.0000000000e-01 2.3081871794e-03 1.6321747167e-03 1.6320948959e-03
6.1000000000e-01 2.2740251381e-03 1.6079740532e-03 1.6079831382e-03
6.2000000000e-01 2.2335216103e-03 1.5791688829e-03 1.5795076521e-03
6.3000000000e-01 2.1889606039e-03 1.5477313967e-03 1.5479263707e-03
6.4000000000e-01 2.1414511781e-03 1.5142308911e-03 1.5142384082e-03
6.5000000000e-01 2.0919971345e-03 1.4791188701e-03 1.4794118355e-03
6.6000000000e-01 2.0413278742e-03 1.4431140165e-03 1.4437594764e-03
6.7000000000e-01 4.8024160011e-03 3.3957445256e-03 3.3958973136e-03
6.8000000000e-01 4.5401320713e-03 3.2108163910e-03 3.2098998938e-03
6.9000000000e-01 4.2419373458e-03 2.9997563998e-03 2.9992489039e-03
7.0000000000e-01 3.9971343358e-03 2.8268755452e-03 2.8259259633e-03
7.1000000000e-01 3.8041513020e-03 2.6900579233e-03 2.6898244363e-03
7.2000000000e-01 3.6501932405e-03 2.5812605883e-03 2.5808921845e-03
7.3000000000e-01 3.5238786394e-03 2.4916299738e-03 2.4918869836e-03
7.4000000000e-01 3.4179177528e-03 2.4168883261e-03 2.4167773137e-03
7.5000000000e-01 3.3285175490e-03 2.3541168788e-03 2.3531176755e-03
7.6000000000e-01 3.2504809336e-03 2.2981848117e-03 2.2986893811e-03
7.7000000000e-01 3.1805453252e-03 2.2487776905e-03 2.2491926250e-03
7.8000000000e-01 3.1158506013e-03 2.2034040911e-03 2.2030740752e-03
7.9000000000e-01 3.0542489109e-03 2.1593750495e-03 2.1599851401e-03
8.0000000000e-01 2.9966891164e-03 2.1191609288e-03 2.1187974462e-03
8.1000000000e-01 2.9387719919e-03 2.0781721780e-03 2.0778790193e-03
8.2000000000e-01 2.8808099253e-03 2.0368676930e-03 2.0372127594e-03
8.3000000000e-01 2.8223142483e-03 1.9958985177e-03 1.9954565450e-03
8.4000000000e-01 2.7651214132e-03 1.9554232206e-03 1.9550489656e-03
8.5000000000e-01 2.7051833301e-03 1.9124992105e-03 1.9132076780e-03
8.6000000000e-01 2.6444592570e-03 1.8702880093e-03 1.8695420627e-03
8.7000000000e-01 2.5829458450e-03 1.8259334517e-03 1.8269034644e-03
8.8000000000e-01 2.5210737273e-03 1.7822100919e-03 1.7831264472e-03
8.9000000000e-01 2.4602915145e-03 1.7389607265e-03 1.7404165961e-03
9.0000000000e-01 2.7055657798e-03 1.9130294176e-03 1.9132183975e-03
9.1000000000e-01 4.6258563942e-03 3.2705963714e-03 3.2713524351e-03
9.2000000000e-01 2.7282927809e-03 1.9293806090e-03 1.9290080258e-03
9.3000000000e-01 3.1659013264e-03 2.2382601535e-03 2.2390003783e-03
9.4000000000e-01 3.2072059706e-03 2.2680449438e-03 2.2676292180e-03
9.5000000000e-01 3.2906471423e-03 2.3260539732e-03 2.3276235797e-03
9.6000000000e-01 3.4207724666e-03 2.4192634719e-03 2.4184392739e-03
9.7000000000e-01 3.6233717303e-03 2.5624845680e-03 2.5617368200e-03
9.8000000000e-01 3.9031510372e-03 2.7598245859e-03 2.7600645416e-03
9.9000000000e-01 4.2917043906e-03 3.0351788197e-03 3.0342076574e-03
1.0000000000e+00 4.8758761264e-03 3.4485947837e-03 3.4469351630e-03
1.0100000000e+00 4.2678962344e-03 3.0188024382e-03 3.0169140039e-03
1.0200000000e+00 4.1852626260e-03 2.9573776122e-03 2.9614761366e-03
1.0300000000e+00 4.4048029229e-03 3.1169743850e-03 3.1123559361e-03
1.0400000000e+00 4.4661356860e-03 3.1578603137e-03 3.1582093353e-03
1.0500000000e+00 4.3046477946e-03 3.0437161906e-03 3.0439750963e-03
1.0600000000e+00 3.9856857499e-03 2.8169591905e-03 2.8196510096e-03
1.0700000000e+00 3.5748841035e-03 2.5278895804e-03 2.5277600011e-03
1.0800000000e+00 3.2780046534e-03 2.3187015248e-03 2.3170968358e-03
1.0900000000e+00 3.2604533497e-03 2.3066843104e-03 2.3042924158e-03
1.1000000000e+00 3.1851353212e-03 2.2512653044e-03 2.2531958511e-03
1.1100000000e+00 2.9597989003e-03 2.0923126544e-03 2.0934749310e-03
1.1200000000e+00 2.7588037042e-03 1.9513290453e-03 1.9502084081e-03
1.1300000000e+00 2.5803986728e-03 1.8244536481e-03 1.8247811366e-03
1.1400000000e+00 2.4203238448e-03 1.7110306450e-03 1.7118240697e-03
1.1500000000e+00 2.2817050073e-03 1.6138627218e-03 1.6129553173e-03
1.1600000000e+00 2.1660097961e-03 1.5316544969e-03 1.5315459311e-03
1.1700000000e+00 2.0727949501e-03 1.4646415989e-03 1.4667323860e-03
1.1800000000e+00 2.0031651106e-03 1.4166605006e-03 1.4162427357e-03
1.1900000000e+00 1.9541556539e-03 1.3825793175e-03 1.3810136678e-03
1.2000000000e+00 1.9259366349e-03 1.3617120094e-03 1.3619736873e-03
1.2100000000e+00 1.9146841664e-03 1.3538679789e-03 1.3539043367e-03
1.2200000000e+00 1.9174980530e-03 1.3563238543e-03 1.3554277501e-03
1.2300000000e+00 1.9310949470e-03 1.3662067083e-03 1.3647735799e-03
1.2400000000e+00 1.9539587250e-03 1.3813348277e-03 1.3819800262e-03
1.2500000000e+00 1.9825797972e-03 1.4020175597e-03 1.4017736673e-03
1.2600000000e+00 2.0125292728e-03 1.4228222258e-03 1.4233239223e-03
1.2700000000e+00 2.0436190387e-03 1.4453009653e-03 1.4448127543e-03
1.2800000000e+00 2.0738528191e-03 1.4665034108e-03 1.4663673693e-03
1.2900000000e+00 2.1020948053e-03 1.4867004540e-03 1.4861104705e-03
1.3000000000e+00 2.1268421438e-03 1.5039008596e-03 1.5039081451e-03
1.3100000000e+00 2.1465893139e-03 1.5180300835e-03 1.5177056197e-03
1.3200000000e+00 2.1607673351e-03 1.5279403579e-03 1.5278461111e-03
1.3300000000e+00 2.1682517509e-03 1.5333497838e-03 1.5330212313e-03
1.3400000000e+00 2.1705774175e-03 1.5348870481e-03 1.5347729717e-03
1.3500000000e+00 2.1644444869e-03 1.5305977853e-03 1.5303889560e-03
1.3600000000e+00 2.1521912078e-03 1.5219398631e-03 1.5217181237e-03
1.3700000000e+00 2.1316535327e-03 1.5071069925e-03 1.5075063172e-03
1.3800000000e+00 2.1036020178e-03 1.4874708753e-03 1.4874716281e-03
1.3900000000e+00 2.0661746095e-03 1.4612281517e-03 1.4607839696e-03
1.4000000000e+00 2.0412006697e-03 1.4438008162e-03 1.4428927116e-03
1.4100000000e+00 3.7775296037e-03 2.6711650134e-03 2.6710685835e-03
1.4200000000e+00 2.0799764755e-03 1.4707329647e-03 1.4707979756e-03
1.4300000000e+00 2.2056191855e-03 1.5596899944e-03 1.5595265669e-03
1.4400000000e+00 2.1651866419e-03 1.5310540504e-03 1.5309822628e-03
1.4500000000e+00 2.1727067867e-03 1.5364977871e-03 1.5361736006e-03
1.4600000000e+00 2.2301536422e-03 1.5772077203e-03 1.5767057668e-03
1.4700000000e+00 2.3655087215e-03 1.6716775713e-03 1.6736563593e-03
1.4800000000e+00 2.5774460714e-03 1.8238283631e-03 1.8212299011e-03
1.4900000000e+00 2.9068720130e-03 2.0560316807e-03 2.0549059900e-03
1.5000000000e+00 3.4348340542e-03 2.4267830708e-03 2.4308041688e-03
1.5100000000e+00 3.0006112621e-03 2.1220057155e-03 2.1214993966e-03
1.5200000000e+00 2.8718505624e-03 2.0304233451e-03 2.0309866303e-03
1.5300000000e+00 2.9971548665e-03 2.1209551204e-03 2.1176606601e-03
1.5400000000e+00 3.0448525823e-03 2.1513821673e-03 2.1546883807e-03
1.5500000000e+00 2.8884466621e-03 2.0425463977e-03 2.0423340405e-03
1.5600000000e+00 2.6326507613e-03 1.8615885074e-03 1.8615419040e-03
1.5700000000e+00 2.3637733913e-03 1.6724318596e-03 1.6704479401e-03
1.5800000000e+00 2.2036910008e-03 1.5588623370e-03 1.5576271188e-03
1.5900000000e+00 2.1568071105e-03 1.5249447383e-03 1.5252411144e-03
1.6000000000e+00 2.0973822955e-03 1.4834569856e-03 1.4826894028e-03
1.6100000000e+00 1.9681750446e-03 1.3917944197e-03 1.3916254164e-03
1.6200000000e+00 1.8649282867e-03 1.3183731496e-03 1.3190336436e-03
1.6300000000e+00 1.7820102557e-03 1.2599465798e-03 1.2601964796e-03
1.6400000000e+00 1.7204920042e-03 1.2165512722e-03 1.2165918537e-03
1.6500000000e+00 1.6797956580e-03 1.1879535548e-03 1.1876362256e-03
1.6600000000e+00 1.6583271168e-03 1.1725475797e-03 1.1726811159e-03
1.6700000000e+00 1.6541001977e-03 1.1693996966e-03 1.1698511930e-03
1.6800000000e+00 1.6641792461e-03 1.1769688925e-03 1.1765359277e-03
1.6900000000e+00 1.6867708293e-03 1.1924908357e-03 1.1929633009e-03
1.7000000000e+00 1.7166211290e-03 1.2137887028e-03 1.2138801776e-03
1.7100000000e+00 1.7523201708e-03 1.2389334024e-03 1.2392215320e-03
1.7200000000e+00 1.7907050243e-03 1.2664466066e-03 1.2659926842e-03
1.7300000000e+00 1.8312621465e-03 1.2944956848e-03 1.2952999541e-03
1.7400000000e+00 1.8691866918e-03 1.3220458984e-03 1.3213831888e-03
1.7500000000e+00 1.9071475599e-03 1.3486393337e-03 1.3484746060e-03
1.7600000000e+00 1.9410051142e-03 1.3729345527e-03 1.3720610655e-03
1.7700000000e+00 1.9716114039e-03 1.3942845308e-03 1.3939950413e-03
1.7800000000e+00 1.9968610693e-03 1.4124576416e-03 1.4115302126e-03
1.7900000000e+00 2.0175869272e-03 1.4269058195e-03 1.4263929301e-03
1.8000000000e+00 2.0332869154e-03 1.4376846206e-03 1.4378173082e-03
1.8100000000e+00 2.0429355034e-03 1.4446323231e-03 1.4445147705e-03
1.8200000000e+00 2.0470204357e-03 1.4474029831e-03 1.4475210771e-03
1.8300000000e+00 2.0452438786e-03 1.4464399788e-03 1.4459716148e-03
1.8400000000e+00 2.0378777384e-03 1.4412349674e-03 1.4407593295e-03
1.8500000000e+00 2.0248836788e-03 1.4319246752e-03 1.4316932763e-03
1.8600000000e+00 2.0065115811e-03 1.4188162347e-03 1.4188196564e-03
1.8700000000e+00 1.9828653543e-03 1.4021202616e-03 1.4020748144e-03
1.8800000000e+00 1.9534918324e-03 1.3812858319e-03 1.3813688102e-03
1.8900000000e+00 1.9177596523e-03 1.3560424663e-03 1.3560792431e-03
1.9000000000e+00 1.8609951821e-03 1.3157685984e-03 1.3160760098e-03
1.9100000000e+00 3.6612539405e-03 2.5889789319e-03 2.5888160436e-03
1.9200000000e+00 1.9176780116e-03 1.3557213647e-03 1.3562848290e-03
1.9300000000e+00 2.0561734439e-03 1.4538034528e-03 1.4540649063e-03
1.9400000000e+00 2.0163227294e-03 1.4255354790e-03 1.4259754371e-03
1.9500000000e+00 2.0255096564e-03 1.4319876030e-03 1.4325155752e-03
1.9600000000e+00 2.0821205029e-03 1.4724899896e-03 1.4720730347e-03
1.9700000000e+00 2.2162184603e-03 1.5664453216e-03 1.5677606062e-03
1.9800000000e+00 2.4299514019e-03 1.7195000464e-03 1.7169692502e-03
1.9900000000e+00 2.7653198707e-03 1.9542414467e-03 1.9565107604e-03
2.0000000000e+00 3.2949377265e-03 2.3305201271e-03 2.3292253131e-03
2.0100000000e+00 2.8635347839e-03 2.0234268867e-03 2.0262218765e-03
2.0200000000e+00 2.7736369718e-03 1.9619155527e-03 1.9605992491e-03
2.0300000000e+00 2.9098423057e-03 2.0579655920e-03 2.0571727848e-03
2.0400000000e+00 2.9779981004e-03 2.1063839946e-03 2.1051411243e-03
2.0500000000e+00 2.8275217506e-03 2.0004935230e-03 1.9982254414e-03
2.0600000000e+00 2.5734036204e-03 1.8208559415e-03 1.8184855879e-03
2.0700000000e+00 2.3130728693e-03 1.6346101356e-03 1.6365683008e-03
2.0800000000e+00 2.1609685163e-03 1.5274281803e-03 1.5286425621e-03
2.0900000000e+00 2.1175584463e-03 1.4966188069e-03 1.4980607198e-03
2.1000000000e+00 2.0591293249e-03 1.4567645967e-03 1.4552836447e-03
2.1100000000e+00 1.9366084043e-03 1.3696968058e-03 1.3690809953e-03
2.1200000000e+00 1.8422468713e-03 1.3025869058e-03 1.3027436001e-03
2.1300000000e+00 1.7701825975e-03 1.2518059939e-03 1.2516102357e-03
2.1400000000e+00 1.7206380774e-03 1.2168213272e-03 1.2165283602e-03
2.1500000000e+00 1.6921460770e-03 1.1966366174e-03 1.1964193044e-03
2.1600000000e+00 1.6832633296e-03 1.1901664022e-03 1.1903274221e-03
2.1700000000e+00 1.6905059028e-03 1.1953009282e-03 1.1954354430e-03
2.1800000000e+00 1.7107644230e-03 1.2096482979e-03 1.2097379494e-03
2.1900000000e+00 1.7409936932e-03 1.2312731233e-03 1.2308637356e-03
2.2000000000e+00 1.7780023838e-03 1.2575333605e-03 1.2569416550e-03
2.2100000000e+00 1.8190649918e-03 1.2867079463e-03 1.2858382889e-03
2.2200000000e+00 1.8630706341e-03 1.3170008155e-03 1.3177788281e-03
2.2300000000e+00 1.9054884238e-03 1.3470475590e-03 1.3477199291e-03
2.2400000000e+00 1.9449002678e-03 1.3755827989e-03 1.3749214579e-03
2.2500000000e+00 1.9827271236e-03 1.4020827846e-03 1.4019167992e-03
2.2600000000e+00 2.0164511931e-03 1.4256117860e-03 1.4260808005e-03
2.2700000000e+00 2.0444329223e-03 1.4456111951e-03 1.4456535707e-03
2.2800000000e+00 2.0674683182e-03 1.4619246213e-03 1.4619171140e-03
2.2900000000e+00 2.0850202396e-03 1.4741688382e-03 1.4744950444e-03
2.3000000000e+00 2.0961349111e-03 1.4824181447e-03 1.4819642404e-03
2.3100000000e+00 2.1024058159e-03 1.4864877349e-03 1.4867630707e-03
2.3200000000e+00 2.1022277732e-03 1.4864411402e-03 1.4865578855e-03
2.3300000000e+00 2.0962369960e-03 1.4822122256e-03 1.4823145623e-03
2.3400000000e+00 2.0840802651e-03 1.4739221823e-03 1.4734123496e-03
2.3500000000e+00 2.0668319443e-03 1.4614786317e-03 1.4614631350e-03
2.3600000000e+00 2.0435825031e-03 1.4452059604e-03 1.4448561101e-03
2.3700000000e+00 2.0153970820e-03 1.4250805380e-03 1.4251213487e-03
2.3800000000e+00 1.9814612018e-03 1.4011908623e-03 1.4010184372e-03
2.3900000000e+00 1.9421649161e-03 1.3732203186e-03 1.3734156392e-03
2.4000000000e+00 1.9158482475e-03 1.3547449596e-03 1.3546736145e-03
2.4100000000e+00 3.7400148654e-03 2.6446508157e-03 2.6445289290e-03
2.4200000000e+00 1.9590698136e-03 1.3853557865e-03 1.3851873084e-03
2.4300000000e+00 2.1520010005e-03 1.5218034011e-03 1.5215855923e-03
2.4400000000e+00 2.1174301428e-03 1.4973160878e-03 1.4971823345e-03
2.4500000000e+00 2.1354949981e-03 1.5100894611e-03 1.5099565247e-03
2.4600000000e+00 2.1990465319e-03 1.5555488154e-03 1.5543723918e-03
2.4700000000e+00 2.3372077331e-03 1.6530383821e-03 1.6522724034e-03
2.4800000000e+00 2.5540093374e-03 1.8070595571e-03 1.8048544131e-03
2.4900000000e+00 2.8842728046e-03 2.0403337514e-03 2.0386436163e-03
2.5000000000e+00 3.4138611253e-03 2.4122140688e-03 2.4157133665e-03
2.5100000000e+00 2.9773747135e-03 2.1067586164e-03 2.1038841025e-03
2.5200000000e+00 2.8565808783e-03 2.0214697160e-03 2.0183444953e-03
2.5300000000e+00 2.9868193450e-03 2.1116542226e-03 2.1123461468e-03
2.5400000000e+00 3.0421586519e-03 2.1500590229e-03 2.1522024675e-03
2.5500000000e+00 2.8817442868e-03 2.0368281062e-03 2.0385733737e-03
2.5600000000e+00 2.6139538111e-03 1.8477647082e-03 1.8489240412e-03
2.5700000000e+00 2.3318547346e-03 1.6486336991e-03 1.6491068582e-03
2.5800000000e+00 2.1643361512e-03 1.5303608485e-03 1.5304726881e-03
2.5900000000e+00 2.1234578263e-03 1.5015794616e-03 1.5014433925e-03
2.6000000000e+00 2.0678281842e-03 1.4622824005e-03 1.4620682544e-03
2.6100000000e+00 1.9381614548e-03 1.3703874123e-03 1.3705867959e-03
2.6200000000e+00 1.8370173212e-03 1.2986357342e-03 1.2992989911e-03
2.6300000000e+00 1.7585501670e-03 1.2435024009e-03 1.2434630951e-03
2.6400000000e+00 1.7031347895e-03 1.2043438762e-03 1.2042524399e-03
2.6500000000e+00 1.6693723359e-03 1.1804043641e-03 1.1804446336e-03
2.6600000000e+00 1.6551304233e-03 1.1703540248e-03 1.1703538674e-03
2.6700000000e+00 1.6575782008e-03 1.1722943591e-03 1.1718751757e-03
2.6800000000e+00 1.6743076731e-03 1.1839246284e-03 1.1839039904e-03
2.6900000000e+00 1.7013900296e-03 1.2029022963e-03 1.2032265366e-03
2.7000000000e+00 1.7354510157e-03 1.2268979808e-03 1.2274003310e-03
2.7100000000e+00 1.7736956860e-03 1.2539228631e-03 1.2544615737e-03
2.7200000000e+00 1.8136245904e-03 1.2822147409e-03 1.2826377170e-03
2.7300000000e+00 1.8532936859e-03 1.3103479522e-03 1.3106051008e-03
2.7400000000e+00 1.8911852810e-03 1.3371964823e-03 1.3373433869e-03
2.7500000000e+00 1.9260408061e-03 1.3619518711e-03 1.3618811576e-03
2.7600000000e+00 1.9569700917e-03 1.3838242915e-03 1.3837493522e-03
2.7700000000e+00 1.9832630471e-03 1.4024001792e-03 1.4023573193e-03
2.7800000000e+00 2.0044827709e-03 1.4173474755e-03 1.4174192437e-03
2.7900000000e+00 2.0194234806e-03 1.4283980495e-03 1.4274978831e-03
2.8000000000e+00 2.0297882911e-03 1.4354905367e-03 1.4350635616e-03
2.8100000000e+00 2.0344607804e-03 1.4385826207e-03 1.4385794071e-03
2.8200000000e+00 2.0327473604e-03 1.4376135381e-03 1.4371253064e-03
2.8300000000e+00 2.0261180341e-03 1.4326349935e-03 1.4327286078e-03
2.8400000000e+00 2.0134213049e-03 1.4238292652e-03 1.4235784399e-03
2.8500000000e+00 1.9954072901e-03 1.4111870151e-03 1.4107450023e-03
2.8600000000e+00 1.9726933148e-03 1.3948767048e-03 1.3949329347e-03
2.8700000000e+00 1.9444314940e-03 1.3749816972e-03 1.3748596901e-03
2.8800000000e+00 1.9112112879e-03 1.3515720837e-03 1.3512888253e-03
2.8900000000e+00 1.8731098041e-03 1.3244855526e-03 1.3244917362e-03
2.9000000000e+00 1.8456048149e-03 1.3051084187e-03 1.3049709377e-03
2.9100000000e+00 3.7324500311e-03 2.6391678094e-03 2.6393136434e-03
2.9200000000e+00 1.8971589677e-03 1.3414403941e-03 1.3415475459e-03
2.9300000000e+00 2.1160961547e-03 1.4964407978e-03 1.4961710713e-03
2.9400000000e+00 2.0865477245e-03 1.4755607992e-03 1.4752632763e-03
2.9500000000e+00 2.1093456008e-03 1.4918131476e-03 1.4912519560e-03
2.9600000000e+00 2.1792876601e-03 1.5404627974e-03 1.5415151882e-03
2.9700000000e+00 2.3197223673e-03 1.6411081255e-03 1.6394743005e-03
2.9800000000e+00 2.5442082644e-03 1.7981150258e-03 1.7999383452e-03
2.9900000000e+00 2.8741320689e-03 2.0336741985e-03 2.0309614481e-03
3.0000000000e+00 3.4069673880e-03 2.4077931075e-03 2.4103856817e-03
3.0100000000e+00 2.9709920488e-03 2.0994494445e-03 2.1021669258e-03
3.0200000000e+00 2.8589101378e-03 2.0225749058e-03 2.0205340696e-03
3.0300000000e+00 2.9944336570e-03 2.1187081613e-03 2.1160596999e-03
3.0400000000e+00 3.0555838883e-03 2.1598183116e-03 2.1614295637e-03
3.0500000000e+00 2.8949498330e-03 2.0480181792e-03 2.0460586682e-03
3.0600000000e+00 2.6297487734e-03 1.8593230891e-03 1.8597032724e-03
3.0700000000e+00 2.3472995983e-03 1.6589160448e-03 1.6606664206e-03
3.0800000000e+00 2.1769747733e-03 1.5395950946e-03 1.5391121169e-03
3.0900000000e+00 2.1402902446e-03 1.5130809655e-03 1.5137464526e-03
3.1000000000e+00 2.0854573765e-03 1.4752032464e-03 1.4740786447e-03
3.1100000000e+00 1.9565366184e-03 1.3831910687e-03 1.3837694919e-03
3.1200000000e+00 1.8541862790e-03 1.3110476812e-03 1.3111676990e-03
3.1300000000e+00 1.7754927194e-03 1.2554000499e-03 1.2555258306e-03
3.1400000000e+00 1.7191826872e-03 1.2155360938e-03 1.2157553688e-03
3.1500000000e+00 1.6842078426e-03 1.1909133458e-03 1.1909162271e-03
3.1600000000e+00 1.6690765260e-03 1.1801758293e-03 1.1802548291e-03
3.1700000000e+00 1.6708073896e-03 1.1813635890e-03 1.1815148765e-03
3.1800000000e+00 1.6861700574e-03 1.1923291798e-03 1.1922753833e-03
3.1900000000e+00 1.7117688388e-03 1.2106848005e-03 1.2101218415e-03
3.2000000000e+00 1.7455370885e-03 1.2342671597e-03 1.2342950643e-03
3.2100000000e+00 1.7836067137e-03 1.2609583338e-03 1.2614424241e-03
3.2200000000e+00 1.8223559679e-03 1.2889903699e-03 1.2882100372e-03
3.2300000000e+00 1.8620568180e-03 1.3169034794e-03 1.3164424862e-03
3.2400000000e+00 1.9000861183e-03 1.3437099576e-03 1.3434175847e-03
3.2500000000e+00 1.9350453444e-03 1.3683641883e-03 1.3682031768e-03
3.2600000000e+00 1.9660368320e-03 1.3902080100e-03 1.3901879419e-03
3.2700000000e+00 1.9924524779e-03 1.4088122384e-03 1.4089410752e-03
3.2800000000e+00 2.0137643453e-03 1.4237893964e-03 1.4241034348e-03
3.2900000000e+00 2.0295969523e-03 1.4348766589e-03 1.4354068283e-03
3.3000000000e+00 2.0390449350e-03 1.4420194950e-03 1.4416254794e-03
3.3100000000e+00 2.0436756704e-03 1.4450926889e-03 1.4451011612e-03
3.3200000000e+00 2.0426251727e-03 1.4441832356e-03 1.4445249663e-03
3.3300000000e+00 2.0352701824e-03 1.4392825100e-03 1.4390241734e-03
3.3400000000e+00 2.0230621737e-03 1.4304387993e-03 1.4306031596e-03
3.3500000000e+00 2.0048548630e-03 1.4177722935e-03 1.4175206332e-03
3.3600000000e+00 1.9819128523e-03 1.4014020981e-03 1.4014459368e-03
3.3700000000e+00 1.9537541865e-03 1.3813905407e-03 1.3816351165e-03
3.3800000000e+00 1.9202140048e-03 1.3578605558e-03 1.3577321294e-03
3.3900000000e+00 1.8817524844e-03 1.3305871704e-03 1.3306127139e-03
3.4000000000e+00 1.8608540387e-03 1.3158444898e-03 1.3158005290e-03
3.4100000000e+00 3.7405020875e-03 2.6450441790e-03 2.6448245987e-03
3.4200000000e+00 1.9114600627e-03 1.3516112077e-03 1.3516015369e-03
3.4300000000e+00 2.1313388923e-03 1.5070102259e-03 1.5071581380e-03
3.4400000000e+00 2.1029376085e-03 1.4866618776e-03 1.4873409317e-03
3.4500000000e+00 2.1257636927e-03 1.5034501985e-03 1.5028335829e-03
3.4600000000e+00 2.1953965179e-03 1.5529265627e-03 1.5518327750e-03
3.4700000000e+00 2.3406102936e-03 1.6544699262e-03 1.6556526839e-03
3.4800000000e+00 2.5610605662e-03 1.8120837047e-03 1.8098021635e-03
3.4900000000e+00 2.8989327930e-03 2.0486712939e-03 2.0510380952e-03
3.5000000000e+00 3.4244312138e-03 2.4233325022e-03 2.4195430812e-03
3.5100000000e+00 2.9906743306e-03 2.1134851188e-03 2.1159663523e-03
3.5200000000e+00 2.8741335758e-03 2.0338580065e-03 2.0307795106e-03
3.5300000000e+00 3.0129750468e-03 2.1292734441e-03 2.1317160301e-03
3.5400000000e+00 3.0667875970e-03 2.1691618129e-03 2.1679306249e-03
3.5500000000e+00 2.9088712281e-03 2.0565210351e-03 2.0572440434e-03
3.5600000000e+00 2.6408597171e-03 1.8663085961e-03 1.8684304294e-03
3.5700000000e+00 2.3514716310e-03 1.6634119437e-03 1.6620708580e-03
3.5800000000e+00 2.1805340523e-03 1.5419089392e-03 1.5418318898e-03
3.5900000000e+00 2.1436983384e-03 1.5154049605e-03 1.5162421877e-03
3.6000000000e+00 2.0875919805e-03 1.4767097995e-03 1.4755908801e-03
3.6100000000e+00 1.9560491921e-03 1.3828664310e-03 1.3834048128e-03
3.6200000000e+00 1.8513920504e-03 1.3091510335e-03 1.3091127132e-03
3.6300000000e+00 1.7706344235e-03 1.2520324296e-03 1.2520227860e-03
3.6400000000e+00 1.7125665187e-03 1.2109084500e-03 1.2110263443e-03
3.6500000000e+00 1.6760678670e-03 1.1851689729e-03 1.1851489360e-03
3.6600000000e+00 1.6597738980e-03 1.1735189779e-03 1.1737557672e-03
3.6700000000e+00 1.6607373366e-03 1.1741310638e-03 1.1745061712e-03
3.6800000000e+00 1.6756415432e-03 1.1847378875e-03 1.1849770966e-03
3.6900000000e+00 1.7010878712e-03 1.2029610538e-03 1.2027404743e-03
3.7000000000e+00 1.7349100372e-03 1.2265437424e-03 1.2269895211e-03
3.7100000000e+00 1.7721049752e-03 1.2533471241e-03 1.2527877033e-03
3.7200000000e+00 1.8123786062e-03 1.2816057023e-03 1.2814846999e-03
3.7300000000e+00 1.8525624307e-03 1.3098704264e-03 1.3100484821e-03
3.7400000000e+00 1.8909995764e-03 1.3369425845e-03 1.3373346342e-03
3.7500000000e+00 1.9264573284e-03 1.3619487457e-03 1.3624732849e-03
3.7600000000e+00 1.9569552901e-03 1.3841974280e-03 1.3833551560e-03
3.7700000000e+00 1.9839902601e-03 1.4031320223e-03 1.4026538704e-03
3.7800000000e+00 2.0059517669e-03 1.4185275527e-03 1.4183166336e-03
3.7900000000e+00 2.0223514232e-03 1.4299723522e-03 1.4300644570e-03
3.8000000000e+00 2.0323456127e-03 1.4374309946e-03 1.4367396511e-03
3.8100000000e+00 2.0375311915e-03 1.4408752831e-03 1.4406289511e-03
3.8200000000e+00 2.0369315482e-03 1.4402300264e-03 1.4404261881e-03
3.8300000000e+00 2.0299830993e-03 1.4355898642e-03 1.4352397449e-03
3.8400000000e+00 2.0181370767e-03 1.4269971281e-03 1.4270796953e-03
3.8500000000e+00 2.0002373433e-03 1.4145276760e-03 1.4142350877e-03
3.8600000000e+00 1.9775658412e-03 1.3983423193e-03 1.3983581138e-03
3.8700000000e+00 1.9492240729e-03 1.3784740541e-03 1.3781450462e-03
3.8800000000e+00 1.9162719060e-03 1.3550678143e-03 1.3549499017e-03
3.8900000000e+00 1.8779747880e-03 1.3279301146e-03 1.3279273004e-03
3.9000000000e+00 1.8553430963e-03 1.3118482308e-03 1.3120031343e-03
3.9100000000e+00 3.7369025022e-03 2.6423094335e-03 2.6424687640e-03
3.9200000000e+00 1.9062893758e-03 1.3479104263e-03 1.3479898615e-03
3.9300000000e+00 2.1250203324e-03 1.5026440554e-03 1.5025885184e-03
3.9400000000e+00 2.0963873342e-03 1.4821270959e-03 1.4826122644e-03
3.9500000000e+00 2.1190542464e-03 1.4987785125e-03 1.4980166454e-03
3.9600000000e+00 2.1885366330e-03 1.5481045498e-03 1.5469534243e-03
3.9700000000e+00 2.3338815773e-03 1.6496118648e-03 1.6509948250e-03
3.9800000000e+00 2.5547263811e-03 1.8071501586e-03 1.8057782772e-03
3.9900000000e+00 2.8881332148e-03 2.0437087850e-03 2.0407272892e-03
4.0000000000e+00 3.4202757918e-03 2.4187161978e-03 2.4182841948e-03
4.0100000000e+00 2.9818591650e-03 2.1093462319e-03 2.1076390948e-03
4.0200000000e+00 2.8721276915e-03 2.0304393871e-03 2.0313624422e-03
4.0300000000e+00 3.0066763719e-03 2.1259819161e-03 2.1261005851e-03
4.0400000000e+00 3.0659909679e-03 2.1661501762e-03 2.1698142846e-03
4.0500000000e+00 2.9042006195e-03 2.0537824028e-03 2.0533774813e-03
4.0600000000e+00 2.6372978998e-03 1.8641078420e-03 1.8655943196e-03
4.0700000000e+00 2.3497636339e-03 1.6621851523e-03 1.6608821917e-03
4.0800000000e+00 2.1803107878e-03 1.5416005821e-03 1.5418244960e-03
4.0900000000e+00 2.1437262222e-03 1.5150794137e-03 1.5166068989e-03
4.1000000000e+00 2.0881633976e-03 1.4766542230e-03 1.4764547676e-03
4.1100000000e+00 1.9558505340e-03 1.3834262068e-03 1.3825640101e-03
4.1200000000e+00 1.8525252244e-03 1.3103231701e-03 1.3095430108e-03
4.1300000000e+00 1.7727341064e-03 1.2536575706e-03 1.2533670283e-03
4.1400000000e+00 1.7154223349e-03 1.2129563278e-03 1.2130172026e-03
4.1500000000e+00 1.6794351701e-03 1.1875451095e-03 1.1875348852e-03
4.1600000000e+00 1.6633964766e-03 1.1761165621e-03 1.1762812890e-03
4.1700000000e+00 1.6644608919e-03 1.1768666966e-03 1.1770364646e-03
4.1800000000e+00 1.6792924019e-03 1.1875005141e-03 1.1873775726e-03
4.1900000000e+00 1.7046111816e-03 1.2057170975e-03 1.2049670375e-03
4.2000000000e+00 1.7381841326e-03 1.2291964875e-03 1.2289670760e-03
4.2100000000e+00 1.7762357636e-03 1.2559161202e-03 1.2560605825e-03
4.2200000000e+00 1.8161938287e-03 1.2840540564e-03 1.2844318602e-03
4.2300000000e+00 1.8560502867e-03 1.3122143869e-03 1.3126370670e-03
4.2400000000e+00 1.8941377359e-03 1.3391365701e-03 1.3395786685e-03
4.2500000000e+00 1.9282118724e-03 1.3639967624e-03 1.3629064008e-03
4.2600000000e+00 1.9596295894e-03 1.3860979154e-03 1.3852366934e-03
4.2700000000e+00 1.9864372021e-03 1.4049805148e-03 1.4042658263e-03
4.2800000000e+00 2.0081085444e-03 1.4201820161e-03 1.4197122832e-03
4.2900000000e+00 2.0243575156e-03 1.4315501280e-03 1.4313237167e-03
4.3000000000e+00 2.0350053854e-03 1.4389498004e-03 1.4389824150e-03
4.3100000000e+00 2.0398631606e-03 1.4422280501e-03 1.4425740763e-03
4.3200000000e+00 2.0383655769e-03 1.4415402775e-03 1.4411439393e-03
4.3300000000e+00 2.0319769796e-03 1.4368046744e-03 1.4368447282e-03
4.3400000000e+00 2.0194208965e-03 1.4281646847e-03 1.4277277019e-03
4.3500000000e+00 2.0019429019e-03 1.4156233345e-03 1.4155514675e-03
4.3600000000e+00 1.9791265908e-03 1.3993931431e-03 1.3995145206e-03
4.3700000000e+00 1.9507355287e-03 1.3794978207e-03 1.3792588102e-03
4.3800000000e+00 1.9176321635e-03 1.3560168619e-03 1.3559245499e-03
4.3900000000e+00 1.8792549023e-03 1.3288449322e-03 1.3288228377e-03
4.4000000000e+00 1.8567701988e-03 1.3128488134e-03 1.3130207784e-03
4.4100000000e+00 3.7365748110e-03 2.6420674895e-03 2.6422472820e-03
4.4200000000e+00 1.9075801741e-03 1.3488371589e-03 1.3488885942e-03
4.4300000000e+00 2.1255294234e-03 1.5028765343e-03 1.5030759969e-03
4.4400000000e+00 2.0959046395e-03 1.4822546684e-03 1.4818020637e-03
4.4500000000e+00 2.1197295538e-03 1.4988535773e-03 1.4988967059e-03
4.4600000000e+00 2.1896275792e-03 1.5480409748e-03 1.5485600009e-03
4.4700000000e+00 2.3324450549e-03 1.6492323452e-03 1.6493430830e-03
4.4800000000e+00 2.5439527895e-03 1.7976478604e-03 1.8000438786e-03
4.4900000000e+00 2.8878296619e-03 2.0404739671e-03 2.0435327611e-03
4.5000000000e+00 3.4152274829e-03 2.4156993633e-03 2.4141614167e-03
4.5100000000e+00 3.0943403735e-03 2.1892269131e-03 2.1868305536e-03
4.5200000000e+00 2.7963520122e-03 1.9771278392e-03 1.9775110831e-03
4.5300000000e+00 3.0001599611e-03 2.1213736989e-03 2.1214932057e-03
4.5400000000e+00 3.1634682887e-03 2.2381035732e-03 2.2357155476e-03
4.5500000000e+00 2.8575205914e-03 2.0201896030e-03 2.0209546997e-03
4.5600000000e+00 2.6031426017e-03 1.8417786143e-03 1.8396203252e-03
4.5700000000e+00 2.3320026051e-03 1.6488387006e-03 1.6491109999e-03
4.5800000000e+00 2.1769643141e-03 1.5399526277e-03 1.5387395911e-03
4.5900000000e+00 2.1532367952e-03 1.5225477697e-03 1.5225889088e-03
4.6000000000e+00 2.0975942090e-03 1.4839187610e-03 1.4825270912e-03
4.6100000000e+00 1.9649468953e-03 1.3890704292e-03 1.3897840279e-03
4.6200000000e+00 1.8600879205e-03 1.3151047780e-03 1.3154567628e-03
4.6300000000e+00 1.7791669538e-03 1.2578539030e-03 1.2582680987e-03
4.6400000000e+00 1.7203693319e-03 1.2165346305e-03 1.2164350089e-03
4.6500000000e+00 1.6834872239e-03 1.1903999632e-03 1.1904105010e-03
4.6600000000e+00 1.6662462109e-03 1.1783032853e-03 1.1781246976e-03
4.6700000000e+00 1.6662499085e-03 1.1784113616e-03 1.1780218251e-03
4.6800000000e+00 1.6810515961e-03 1.1885551761e-03 1.1888107764e-03
4.6900000000e+00 1.7057576630e-03 1.2063221128e-03 1.2059834846e-03
4.7000000000e+00 1.7388631825e-03 1.2294827417e-03 1.2296411491e-03
4.7100000000e+00 1.7765489613e-03 1.2559550439e-03 1.2564645397e-03
4.7200000000e+00 1.8163131132e-03 1.2839924715e-03 1.2846620795e-03
4.7300000000e+00 1.8560167533e-03 1.3120457198e-03 1.3127582480e-03
4.7400000000e+00 1.8929808671e-03 1.3389715380e-03 1.3381075382e-03
4.7500000000e+00 1.9282355217e-03 1.3638182500e-03 1.3631184866e-03
4.7600000000e+00 1.9596829518e-03 1.3859855425e-03 1.3854246092e-03
4.7700000000e+00 1.9865282931e-03 1.4048995915e-03 1.4044756306e-03
4.7800000000e+00 2.0082657902e-03 1.4201636475e-03 1.4199530620e-03
4.7900000000e+00 2.0245896447e-03 1.4316021687e-03 1.4315999651e-03
4.8000000000e+00 2.0352770506e-03 1.4390259188e-03 1.4392904771e-03
4.8100000000e+00 2.0401993311e-03 1.4423432278e-03 1.4429342757e-03
4.8200000000e+00 2.0387304170e-03 1.4416816856e-03 1.4415185154e-03
4.8300000000e+00 2.0323794743e-03 1.4369987867e-03 1.4372198212e-03
4.8400000000e+00 2.0198417478e-03 1.4283789576e-03 1.4281086232e-03
4.8500000000e+00 2.0024016028e-03 1.4158635052e-03 1.4159599971e-03
4.8600000000e+00 1.9796108092e-03 1.3996655296e-03 1.3999269128e-03
4.8700000000e+00 1.9512266590e-03 1.3797756759e-03 1.3796755267e-03
4.8800000000e+00 1.9181600368e-03 1.3563091592e-03 1.3563787788e-03
4.8900000000e+00 1.8797235873e-03 1.3291214126e-03 1.3292091766e-03
4.9000000000e+00 1.8569610261e-03 1.3129413801e-03 1.3131980752e-03
4.9100000000e+00 3.8575585860e-03 2.7276167460e-03 2.7277949210e-03
4.9200000000e+00 1.8965464915e-03 1.3410039664e-03 1.3411178011e-03
4.9300000000e+00 2.1201562190e-03 1.4990500529e-03 1.4993036156e-03
4.9400000000e+00 2.1012844378e-03 1.4860037900e-03 1.4856611406e-03
4.9500000000e+00 2.1180328326e-03 1.4975460615e-03 1.4978046847e-03
4.9600000000e+00 2.1872536766e-03 1.5462262750e-03 1.5470174376e-03
4.9700000000e+00 2.3298833972e-03 1.6471820028e-03 1.6477706437e-03
4.9800000000e+00 2.5504621258e-03 1.8044557139e-03 1.8024418526e-03
4.9900000000e+00 2.8840977648e-03 2.0408268407e-03 2.0379022850e-03
5.0000000000e+00 3.4168463201e-03 2.4155374641e-03 2.4166128226e-03
5.0100000000e+00 3.0949529737e-03 2.1881333753e-03 2.1887910456e-03
5.0200000000e+00 2.7968990873e-03 1.9759466878e-03 1.9794643699e-03
5.0300000000e+00 3.0008894025e-03 2.1204188822e-03 2.1234785070e-03
5.0400000000e+00 3.1641637502e-03 2.2373622747e-03 2.2374410137e-03
5.0500000000e+00 2.8534114807e-03 2.0192372420e-03 2.0160947495e-03
5.0600000000e+00 2.6033622153e-03 1.8409123775e-03 1.8407977734e-03
5.0700000000e+00 2.3297028473e-03 1.6483546522e-03 1.6463420960e-03
5.0800000000e+00 2.1775704206e-03 1.5397636337e-03 1.5397859880e-03
5.0900000000e+00 2.1541339850e-03 1.5224853055e-03 1.5239198535e-03
5.1000000000e+00 2.0986683276e-03 1.4839326214e-03 1.4840325888e-03
5.1100000000e+00 1.9644048132e-03 1.3892919487e-03 1.3887959359e-03
5.1200000000e+00 1.8602266949e-03 1.3155665124e-03 1.3151912819e-03
5.1300000000e+00 1.7798645595e-03 1.2585596970e-03 1.2585489021e-03
5.1400000000e+00 1.7218190936e-03 1.2174161089e-03 1.2176037980e-03
5.1500000000e+00 1.6848812070e-03 1.1914078673e-03 1.1913739864e-03
5.1600000000e+00 1.6678312586e-03 1.1793441392e-03 1.1793254463e-03
5.1700000000e+00 1.6679040721e-03 1.1794706221e-03 1.1793019314e-03
5.1800000000e+00 1.6826667765e-03 1.1895552667e-03 1.1900948485e-03
5.1900000000e+00 1.7072922691e-03 1.2072960543e-03 1.2071798249e-03
5.2000000000e+00 1.7402989775e-03 1.2304053490e-03 1.2307490436e-03
5.2100000000e+00 1.7778781868e-03 1.2568658556e-03 1.2574335244e-03
5.2200000000e+00 1.8174838976e-03 1.2848044321e-03 1.2855058496e-03
5.2300000000e+00 1.8558921014e-03 1.3127323939e-03 1.3118952526e-03
5.2400000000e+00 1.8939386691e-03 1.3395820420e-03 1.3388516106e-03
5.2500000000e+00 1.9291602365e-03 1.3644684236e-03 1.3637760589e-03
5.2600000000e+00 1.9604332421e-03 1.3865362720e-03 1.3859349418e-03
5.2700000000e+00 1.9871000302e-03 1.4052988180e-03 1.4048849641e-03
5.2800000000e+00 2.0087418132e-03 1.4205219441e-03 1.4202679601e-03
5.2900000000e+00 2.0249505518e-03 1.4318695045e-03 1.4318430289e-03
5.3000000000e+00 2.0355701367e-03 1.4392656605e-03 1.4394652271e-03
5.3100000000e+00 2.0404662529e-03 1.4426000041e-03 1.4430550085e-03
5.3200000000e+00 2.0389247312e-03 1.4418631398e-03 1.4416118568e-03
5.3300000000e+00 2.0325201730e-03 1.4371361728e-03 1.4372814180e-03
5.3400000000e+00 2.0204894205e-03 1.4284845825e-03 1.4289189256e-03
5.3500000000e+00 2.0024771705e-03 1.4159845922e-03 1.4159457804e-03
5.3600000000e+00 1.9796073474e-03 1.3996987271e-03 1.3998888254e-03
5.3700000000e+00 1.9515817769e-03 1.3798116011e-03 1.3801417962e-03
5.3800000000e+00 1.9181341526e-03 1.3563542716e-03 1.3562970608e-03
5.3900000000e+00 1.8796944531e-03 1.3291282946e-03 1.3291610939e-03
5.4000000000e+00 1.8568217853e-03 1.3128843869e-03 1.3130581590e-03
5.4100000000e+00 3.8571369739e-03 2.7274577099e-03 2.7273577097e-03
5.4200000000e+00 1.8965797221e-03 1.3410782795e-03 1.3410904856e-03
5.4300000000e+00 2.1197046626e-03 1.4989902470e-03 1.4987248232e-03
5.4400000000e+00 2.1015575429e-03 1.4859074279e-03 1.4861437421e-03
5.4500000000e+00 2.1170776045e-03 1.4974338454e-03 1.4965658897e-03
5.4600000000e+00 2.1859884512e-03 1.5460958565e-03 1.5453585704e-03
5.4700000000e+00 2.3284176572e-03 1.6471511073e-03 1.6457284151e-03
5.4800000000e+00 2.5524282976e-03 1.8045325218e-03 1.8051461414e-03
5.4900000000e+00 2.8866188629e-03 2.0406436668e-03 2.0416517540e-03
5.5000000000e+00 3.4126455414e-03 2.4149554041e-03 2.4112527839e-03
5.5100000000e+00 3.0921334843e-03 2.1883803193e-03 2.1845551178e-03
5.5200000000e+00 2.7941214074e-03 1.9758943026e-03 1.9755900749e-03
5.5300000000e+00 2.9982965398e-03 2.1203214700e-03 2.1199101406e-03
5.5400000000e+00 3.1668115509e-03 2.2372885770e-03 2.2412575091e-03
5.5500000000e+00 2.8558799895e-03 2.0191805413e-03 2.0196436458e-03
5.5600000000e+00 2.6051410072e-03 1.8406570868e-03 1.8435675079e-03
5.5700000000e+00 2.3305880670e-03 1.6480417922e-03 1.6479074577e-03
5.5800000000e+00 2.1779230175e-03 1.5393750813e-03 1.5406729143e-03
5.5900000000e+00 2.1522356354e-03 1.5220206605e-03 1.5217001476e-03
5.6000000000e+00 2.0989023181e-03 1.4834456016e-03 1.4848501904e-03
5.6100000000e+00 1.9643505579e-03 1.3888563612e-03 1.3891548230e-03
5.6200000000e+00 1.8598167163e-03 1.3149994907e-03 1.3151785270e-03
5.6300000000e+00 1.7791537469e-03 1.2579038288e-03 1.2581995122e-03
5.6400000000e+00 1.7205551536e-03 1.2166964763e-03 1.2165359515e-03
5.6500000000e+00 1.6838384940e-03 1.1906313083e-03 1.1906759263e-03
5.6600000000e+00 1.6665749410e-03 1.1785472028e-03 1.1783456728e-03
5.6700000000e+00 1.6671676604e-03 1.1786881505e-03 1.1790429388e-03
5.6800000000e+00 1.6812714958e-03 1.1888150351e-03 1.1888619159e-03
5.6900000000e+00 1.7068601413e-03 1.2065898287e-03 1.2072748350e-03
5.7000000000e+00 1.7388955005e-03 1.2297250730e-03 1.2294445113e-03
5.7100000000e+00 1.7765730768e-03 1.2562213870e-03 1.2562323527e-03
5.7200000000e+00 1.8162713934e-03 1.2842044969e-03 1.2843911337e-03
5.7300000000e+00 1.8559944607e-03 1.3122784345e-03 1.3124940946e-03
5.7400000000e+00 1.8939973779e-03 1.3391262750e-03 1.3393904908e-03
5.7500000000e+00 1.9291388378e-03 1.3639796694e-03 1.3642346268e-03
5.7600000000e+00 1.9604045547e-03 1.3861107422e-03 1.3863199589e-03
5.7700000000e+00 1.9870569492e-03 1.4049584133e-03 1.4051644660e-03
5.7800000000e+00 2.0086831209e-03 1.4202088878e-03 1.4204980096e-03
5.7900000000e+00 2.0248112537e-03 1.4315563370e-03 1.4319591708e-03
5.8000000000e+00 2.0346195320e-03 1.4389775806e-03 1.4384088996e-03
5.8100000000e+00 2.0396325454e-03 1.4423182016e-03 1.4421578018e-03
5.8200000000e+00 2.0388875438e-03 1.4416544514e-03 1.4417679629e-03
5.8300000000e+00 2.0318383744e-03 1.4369363648e-03 1.4365169903e-03
5.8400000000e+00 2.0198707841e-03 1.4282749290e-03 1.4282537280e-03
5.8500000000e+00 2.0024163217e-03 1.4158068713e-03 1.4160374389e-03
5.8600000000e+00 1.9791709128e-03 1.3995741813e-03 1.3993961601e-03
5.8700000000e+00 1.9511404705e-03 1.3796680616e-03 1.3796612539e-03
5.8800000000e+00 1.9180745517e-03 1.3562115912e-03 1.3563554497e-03
5.8900000000e+00 1.8793637040e-03 1.3290380391e-03 1.3287835876e-03
5.9000000000e+00 1.8563921791e-03 1.3128640906e-03 1.3124708767e-03
5.9100000000e+00 3.8575019249e-03 2.7276545101e-03 2.7276770290e-03
5.9200000000e+00 1.8962932999e-03 1.3409122485e-03 1.3408514538e-03
5.9300000000e+00 2.1198744652e-03 1.4989883958e-03 1.4989668234e-03
5.9400000000e+00 2.1018768193e-03 1.4859742290e-03 1.4865284236e-03
5.9500000000e+00 2.1174863557e-03 1.4974974443e-03 1.4970804490e-03
5.9600000000e+00 2.1864856122e-03 1.5461341161e-03 1.5460234886e-03
5.9700000000e+00 2.3290224593e-03 1.6472759123e-03 1.6464591354e-03
5.9800000000e+00 2.5532410918e-03 1.8046423216e-03 1.8061855286e-03
5.9900000000e+00 2.8873106781e-03 2.0404821456e-03 2.0427911214e-03
6.0000000000e+00 3.4138859534e-03 2.4149567974e-03 2.4130066244e-03
6.0100000000e+00 3.0924920132e-03 2.1879276531e-03 2.1855158285e-03
6.0200000000e+00 2.7949858202e-03 1.9760245366e-03 1.9766822622e-03
6.0300000000e+00 2.9995087445e-03 2.1207811800e-03 2.1211647496e-03
6.0400000000e+00 3.1629089238e-03 2.2374860611e-03 2.2355422132e-03
6.0500000000e+00 2.8566497964e-03 2.0192903734e-03 2.0206222921e-03
6.0600000000e+00 2.6022209307e-03 1.8408760352e-03 1.8392197247e-03
6.0700000000e+00 2.3313470973e-03 1.6481988902e-03 1.6488237342e-03
6.0800000000e+00 2.1766455264e-03 1.5396325575e-03 1.5386088961e-03
6.0900000000e+00 2.1530726614e-03 1.5221981441e-03 1.5227063720e-03
6.1000000000e+00 2.0976504008e-03 1.4837592305e-03 1.4827662492e-03
6.1100000000e+00 1.9652548813e-03 1.3891124354e-03 1.3901774672e-03
6.1200000000e+00 1.8606577183e-03 1.3154030613e-03 1.3159642590e-03
6.1300000000e+00 1.7791861189e-03 1.2583166168e-03 1.2578324760e-03
6.1400000000e+00 1.7213250843e-03 1.2171467003e-03 1.2171745790e-03
6.1500000000e+00 1.6845424504e-03 1.1911496624e-03 1.1911531173e-03
6.1600000000e+00 1.6676138480e-03 1.1790893634e-03 1.1792727501e-03
6.1700000000e+00 1.6677602520e-03 1.1792118923e-03 1.1793572704e-03
6.1800000000e+00 1.6818004611e-03 1.1893232788e-03 1.1891017323e-03
6.1900000000e+00 1.7073559418e-03 1.2070966470e-03 1.2074692529e-03
6.2000000000e+00 1.7393668736e-03 1.2302136585e-03 1.2296224930e-03
6.2100000000e+00 1.7770123979e-03 1.2566754802e-03 1.2563995382e-03
6.2200000000e+00 1.8166648832e-03 1.2846188941e-03 1.2845332205e-03
6.2300000000e+00 1.8563637964e-03 1.3126611516e-03 1.3126337058e-03
6.2400000000e+00 1.8943360093e-03 1.3394811264e-03 1.3395145495e-03
6.2500000000e+00 1.9294142997e-03 1.3642908376e-03 1.3643130323e-03
6.2600000000e+00 1.9606815999e-03 1.3863922701e-03 1.3864302398e-03
6.2700000000e+00 1.9873053193e-03 1.4052138225e-03 1.4052603123e-03
6.2800000000e+00 2.0089067385e-03 1.4204377615e-03 1.4205853898e-03
6.2900000000e+00 2.0250058763e-03 1.4317476135e-03 1.4320431454e-03
6.3000000000e+00 2.0347980591e-03 1.4391530244e-03 1.4384859102e-03
6.3100000000e+00 2.0398005081e-03 1.4424808704e-03 1.4422326621e-03
6.3200000000e+00 2.0390221878e-03 1.4417839243e-03 1.4418289073e-03
6.3300000000e+00 2.0320142105e-03 1.4370937198e-03 1.4366082947e-03
6.3400000000e+00 2.0200241240e-03 1.4284280358e-03 1.4283174746e-03
6.3500000000e+00 2.0025457454e-03 1.4159205148e-03 1.4161068315e-03
6.3600000000e+00 1.9792579803e-03 1.3996700478e-03 1.3994234205e-03
6.3700000000e+00 1.9512316716e-03 1.3797362748e-03 1.3797220186e-03
6.3800000000e+00 1.9181397838e-03 1.3562947901e-03 1.3563645058e-03
6.3900000000e+00 1.8796915054e-03 1.3290943081e-03 1.3291909102e-03
6.4000000000e+00 1.8564523757e-03 1.3129561966e-03 1.3124638849e-03
6.4100000000e+00 3.8573022526e-03 2.7275009227e-03 2.7275482369e-03
6.4200000000e+00 1.8964948759e-03 1.3410623515e-03 1.3409864219e-03
6.4300000000e+00 2.1199052811e-03 1.4990003139e-03 1.4989984856e-03
6.4400000000e+00 2.1018858582e-03 1.4859689645e-03 1.4865464666e-03
6.4500000000e+00 2.1174606067e-03 1.4974290322e-03 1.4971124588e-03
6.4600000000e+00 2.1865202853e-03 1.5461347010e-03 1.5460719402e-03
6.4700000000e+00 2.3290465206e-03 1.6471543169e-03 1.6466148158e-03
6.4800000000e+00 2.5531555269e-03 1.8044614438e-03 1.8062452885e-03
6.4900000000e+00 2.8874733098e-03 2.0404674869e-03 2.0430356212e-03
6.5000000000e+00 3.4137998402e-03 2.4148389096e-03 2.4130027745e-03
6.5100000000e+00 3.0930280127e-03 2.1881946953e-03 2.1860069220e-03
6.5200000000e+00 2.7947828528e-03 1.9757304184e-03 1.9766892796e-03
6.5300000000e+00 2.9988431415e-03 2.1201703584e-03 2.1208342318e-03
6.5400000000e+00 3.1624622920e-03 2.2371629219e-03 2.2352337259e-03
6.5500000000e+00 2.8566985256e-03 2.0193346854e-03 2.0206468999e-03
6.5600000000e+00 2.6025304291e-03 1.8410489427e-03 1.8394845542e-03
6.5700000000e+00 2.3315968127e-03 1.6483815742e-03 1.6489942033e-03
6.5800000000e+00 2.1767867656e-03 1.5396603087e-03 1.5387809320e-03
6.5900000000e+00 2.1531790754e-03 1.5222851555e-03 1.5227698566e-03
6.6000000000e+00 2.0976766761e-03 1.4837843500e-03 1.4827782843e-03
6.6100000000e+00 1.9651632235e-03 1.3890648744e-03 1.3900954175e-03
6.6200000000e+00 1.8604360419e-03 1.3152470979e-03 1.3158067249e-03
6.6300000000e+00 1.7788482963e-03 1.2580777108e-03 1.2575936286e-03
6.6400000000e+00 1.7208907846e-03 1.2168335638e-03 1.2168735229e-03
6.6500000000e+00 1.6840552290e-03 1.1907992041e-03 1.1908145405e-03
6.6600000000e+00 1.6670782659e-03 1.1787073235e-03 1.1788973620e-03
6.6700000000e+00 1.6671837618e-03 1.1787859606e-03 1.1789679192e-03
6.6800000000e+00 1.6812260386e-03 1.1888891234e-03 1.1887235360e-03
6.6900000000e+00 1.7068199113e-03 1.2066809777e-03 1.2071268482e-03
6.7000000000e+00 1.7388790199e-03 1.2298371180e-03 1.2293091186e-03
6.7100000000e+00 1.7765636153e-03 1.2563173382e-03 1.2561230134e-03
6.7200000000e+00 1.8162754795e-03 1.2843065724e-03 1.2842948437e-03
6.7300000000e+00 1.8559823081e-03 1.3123293055e-03 1.3124260444e-03
6.7400000000e+00 1.8940557645e-03 1.3392600713e-03 1.3393392776e-03
6.7500000000e+00 1.9292086592e-03 1.3640957471e-03 1.3642173007e-03
6.7600000000e+00 1.9604800901e-03 1.3862248270e-03 1.3863127038e-03
6.7700000000e+00 1.9870990951e-03 1.4050119197e-03 1.4051705659e-03
6.7800000000e+00 2.0087403497e-03 1.4202648136e-03 1.4205230206e-03
6.7900000000e+00 2.0249682519e-03 1.4316789514e-03 1.4320585886e-03
6.8000000000e+00 2.0347003375e-03 1.4390425009e-03 1.4384582525e-03
6.8100000000e+00 2.0396650790e-03 1.4423426640e-03 1.4421793488e-03
6.8200000000e+00 2.0389256696e-03 1.4416767715e-03 1.4417995606e-03
6.8300000000e+00 2.0319251310e-03 1.4369957119e-03 1.4365803361e-03
6.8400000000e+00 2.0199470727e-03 1.4283246497e-03 1.4283118958e-03
6.8500000000e+00 2.0024376229e-03 1.4158200912e-03 1.4160543432e-03
6.8600000000e+00 1.9791885873e-03 1.3995826031e-03 1.3994127344e-03
6.8700000000e+00 1.9511659363e-03 1.3796695940e-03 1.3796957354e-03
6.8800000000e+00 1.9180812055e-03 1.3562172114e-03 1.3563592395e-03
6.8900000000e+00 1.8793471924e-03 1.3290314973e-03 1.3287667774e-03
6.9000000000e+00 1.8565718033e-03 1.3128861454e-03 1.3127028719e-03
6.9100000000e+00 3.8575442449e-03 2.7276895117e-03 2.7277018768e-03
6.9200000000e+00 1.8962652262e-03 1.3408958604e-03 1.3408281395e-03
6.9300000000e+00 2.1198595686e-03 1.4989819964e-03 1.4989521557e-03
6.9400000000e+00 2.1018503367e-03 1.4859626822e-03 1.4865025210e-03
6.9500000000e+00 2.1174417692e-03 1.4974766321e-03 1.4970382034e-03
6.9600000000e+00 2.1864887123e-03 1.5461988328e-03 1.5459631492e-03
6.9700000000e+00 2.3289192407e-03 1.6472267812e-03 1.6463622812e-03
6.9800000000e+00 2.5530891778e-03 1.8045570621e-03 1.8060559680e-03
6.9900000000e+00 2.8872497601e-03 2.0405750059e-03 2.0426122546e-03
7.0000000000e+00 3.4135623703e-03 2.4147824192e-03 2.4127233417e-03
7.0100000000e+00 3.0923908630e-03 2.1880264851e-03 2.1852737472e-03
7.0200000000e+00 2.7947248486e-03 1.9758628966e-03 1.9764748400e-03
7.0300000000e+00 2.9992661330e-03 2.1206216101e-03 2.1209812171e-03
7.0400000000e+00 3.1628610666e-03 2.2375620193e-03 2.2353984737e-03
7.0500000000e+00 2.8565751977e-03 2.0193349570e-03 2.0204722694e-03
7.0600000000e+00 2.6021295013e-03 1.8408908231e-03 1.8390755609e-03
7.0700000000e+00 2.3312343437e-03 1.6481624483e-03 1.6487007337e-03
7.0800000000e+00 2.1765227244e-03 1.5395726288e-03 1.5384951382e-03
7.0900000000e+00 2.1529439531e-03 1.5221349849e-03 1.5225875190e-03
7.1000000000e+00 2.0975172793e-03 1.4836843277e-03 1.4826528766e-03
7.1100000000e+00 1.9651191296e-03 1.3890268228e-03 1.3900711057e-03
7.1200000000e+00 1.8605117781e-03 1.3153029608e-03 1.3158579703e-03
7.1300000000e+00 1.7790658927e-03 1.2582319930e-03 1.2577470740e-03
7.1400000000e+00 1.7211774593e-03 1.2170457669e-03 1.2170667392e-03
7.1500000000e+00 1.6843959068e-03 1.1910452538e-03 1.1910502821e-03
7.1600000000e+00 1.6674699779e-03 1.1789931296e-03 1.1791655218e-03
7.1700000000e+00 1.6676041729e-03 1.1790932947e-03 1.1792551377e-03
7.1800000000e+00 1.6816416461e-03 1.1892044056e-03 1.1889960082e-03
7.1900000000e+00 1.7072134644e-03 1.2069912923e-03 1.2073731127e-03
7.2000000000e+00 1.7392260886e-03 1.2301118884e-03 1.2295251641e-03
7.2100000000e+00 1.7768760400e-03 1.2565776622e-03 1.2563045173e-03
7.2200000000e+00 1.8165388467e-03 1.2845297086e-03 1.2844441635e-03
7.2300000000e+00 1.8562339211e-03 1.3125759467e-03 1.3125352391e-03
7.2400000000e+00 1.8942201786e-03 1.3394158182e-03 1.3394160485e-03
7.2500000000e+00 1.9293014301e-03 1.3642278737e-03 1.3642163746e-03
7.2600000000e+00 1.9605700540e-03 1.3863314631e-03 1.3863332973e-03
7.2700000000e+00 1.9871974162e-03 1.4051628176e-03 1.4051587195e-03
7.2800000000e+00 2.0087962185e-03 1.4203808138e-03 1.4204860406e-03
7.2900000000e+00 2.0249107460e-03 1.4317074438e-03 1.4319487857e-03
7.3000000000e+00 2.0347043271e-03 1.4391115657e-03 1.4383947999e-03
7.3100000000e+00 2.0397085064e-03 1.4424388509e-03 1.4421445672e-03
7.3200000000e+00 2.0389377221e-03 1.4417524314e-03 1.4417409480e-03
7.3300000000e+00 2.0318987590e-03 1.4370384857e-03 1.4365002462e-03
7.3400000000e+00 2.0199107972e-03 1.4283765364e-03 1.4282087029e-03
7.3500000000e+00 2.0024825679e-03 1.4159016208e-03 1.4160363819e-03
7.3600000000e+00 1.9791935433e-03 1.3996553363e-03 1.3993469982e-03
7.3700000000e+00 1.9511752435e-03 1.3797200046e-03 1.3796584867e-03
7.3800000000e+00 1.9180821291e-03 1.3562799444e-03 1.3562978162e-03
7.3900000000e+00 1.8793423716e-03 1.3290677857e-03 1.3287236623e-03
7.4000000000e+00 1.8564532667e-03 1.3129017185e-03 1.3125196414e-03
7.4100000000e+00 3.8572783125e-03 2.7275030683e-03 2.7275122351e-03
7.4200000000e+00 1.8964790350e-03 1.3410676134e-03 1.3409587563e-03
7.4300000000e+00 2.1198598331e-03 1.4989931802e-03 1.4989413456e-03
7.4400000000e+00 2.1018382295e-03 1.4859622467e-03 1.4864858373e-03
7.4500000000e+00 2.1174531542e-03 1.4974891377e-03 1.4970417972e-03
7.4600000000e+00 2.1864554086e-03 1.5461268320e-03 1.5459880572e-03
7.4700000000e+00 2.3290553912e-03 1.6472613697e-03 1.6465202687e-03
7.4800000000e+00 2.5531680938e-03 1.8046028296e-03 1.8061217962e-03
7.4900000000e+00 2.8873325433e-03 2.0404278964e-03 2.0428762113e-03
7.5000000000e+00 3.4136084241e-03 2.4147700686e-03 2.4128008597e-03
7.5100000000e+00 3.0929258016e-03 2.1881775080e-03 2.1858795044e-03
7.5200000000e+00 2.7948896899e-03 1.9759741582e-03 1.9765966975e-03
7.5300000000e+00 2.9989433314e-03 2.1204013634e-03 2.1207449547e-03
7.5400000000e+00 3.1624005141e-03 2.2371353174e-03 2.2351739492e-03
7.5500000000e+00 2.8567943599e-03 2.0195004050e-03 2.0206167695e-03
7.5600000000e+00 2.6026269063e-03 1.8412025013e-03 1.8394673584e-03
7.5700000000e+00 2.3315918640e-03 1.6483726440e-03 1.6489961331e-03
7.5800000000e+00 2.1768656839e-03 1.5397517945e-03 1.5388010323e-03
7.5900000000e+00 2.1532047618e-03 1.5222890892e-03 1.5228022442e-03
7.6000000000e+00 2.0977124570e-03 1.4838040799e-03 1.4828091599e-03
7.6100000000e+00 1.9652685763e-03 1.3891574446e-03 1.3901518518e-03
7.6200000000e+00 1.8604955405e-03 1.3152831062e-03 1.3158548577e-03
7.6300000000e+00 1.7789614889e-03 1.2581585701e-03 1.2576728475e-03
7.6400000000e+00 1.7209794519e-03 1.2168967504e-03 1.2169357308e-03
7.6500000000e+00 1.6841489888e-03 1.1908688729e-03 1.1908774681e-03
7.6600000000e+00 1.6671577533e-03 1.1787611028e-03 1.1789559945e-03
7.6700000000e+00 1.6672904551e-03 1.1788751307e-03 1.1790296383e-03
7.6800000000e+00 1.6813092427e-03 1.1889615491e-03 1.1887687766e-03
7.6900000000e+00 1.7069020590e-03 1.2067540015e-03 1.2071700040e-03
7.7000000000e+00 1.7389456201e-03 1.2299015567e-03 1.2293388590e-03
7.7100000000e+00 1.7766044431e-03 1.2563404751e-03 1.2561576166e-03
7.7200000000e+00 1.8163492883e-03 1.2843826045e-03 1.2843231923e-03
7.7300000000e+00 1.8560559262e-03 1.3124082133e-03 1.3124512497e-03
7.7400000000e+00 1.8940992131e-03 1.3393099918e-03 1.3393508035e-03
7.7500000000e+00 1.9292616045e-03 1.3641643500e-03 1.3642235759e-03
7.7600000000e+00 1.9604804703e-03 1.3862238123e-03 1.3863142560e-03
7.7700000000e+00 1.9871347990e-03 1.4050742500e-03 1.4051587317e-03
7.7800000000e+00 2.0087644824e-03 1.4203166639e-03 1.4205053045e-03
7.7900000000e+00 2.0249603993e-03 1.4316831931e-03 1.4320432443e-03
7.8000000000e+00 2.0347355341e-03 1.4391054306e-03 1.4384450818e-03
7.8100000000e+00 2.0396940670e-03 1.4423956733e-03 1.4421673302e-03
7.8200000000e+00 2.0389179937e-03 1.4416904412e-03 1.4417750367e-03
7.8300000000e+00 2.0319096210e-03 1.4370037651e-03 1.4365503426e-03
7.8400000000e+00 2.0199602604e-03 1.4283661900e-03 1.4282890046e-03
7.8500000000e+00 2.0024550432e-03 1.4158626682e-03 1.4160364066e-03
7.8600000000e+00 1.9791869347e-03 1.3996039878e-03 1.3993890094e-03
7.8700000000e+00 1.9511781318e-03 1.3797065951e-03 1.3796759812e-03
7.8800000000e+00 1.9180804823e-03 1.3562371463e-03 1.3563382837e-03
7.8900000000e+00 1.8793455998e-03 1.3290637672e-03 1.3287322478e-03
7.9000000000e+00 1.8562631969e-03 1.3128747629e-03 1.3122777576e-03
7.9100000000e+00 3.8575475155e-03 2.7276983964e-03 2.7276976175e-03
7.9200000000e+00 1.8962913885e-03 1.3409115065e-03 1.3408494926e-03
7.9300000000e+00 2.1198569871e-03 1.4990129671e-03 1.4989175329e-03
7.9400000000e+00 2.1018165614e-03 1.4859605068e-03 1.4864569385e-03
7.9500000000e+00 2.1173953874e-03 1.4974658658e-03 1.4969833691e-03
7.9600000000e+00 2.1864320732e-03 1.5461820584e-03 1.5458998198e-03
7.9700000000e+00 2.3288520812e-03 1.6472008814e-03 1.6462931915e-03
7.9800000000e+00 2.5530119781e-03 1.8045313337e-03 1.8059725430e-03
7.9900000000e+00 2.8871679239e-03 2.0405433057e-03 2.0425282467e-03
8.0000000000e+00 3.4136824030e-03 2.4150376061e-03 2.4126377494e-03
8.0100000000e+00 3.0922856262e-03 2.1879603222e-03 2.1851910722e-03
8.0200000000e+00 2.7947915424e-03 1.9760282195e-03 1.9764038659e-03
8.0300000000e+00 2.9993153826e-03 2.1207581653e-03 2.1209143238e-03
8.0400000000e+00 3.1627377858e-03 2.2374603719e-03 2.2353257896e-03
8.0500000000e+00 2.8564660572e-03 2.0192368945e-03 2.0204159719e-03
8.0600000000e+00 2.6021549109e-03 1.8409637412e-03 1.8390385216e-03
8.0700000000e+00 2.3311584306e-03 1.6480977410e-03 1.6486580801e-03
8.0800000000e+00 2.1764564390e-03 1.5395177785e-03 1.5384562524e-03
8.0900000000e+00 2.1529438310e-03 1.5221674247e-03 1.5225549155e-03
8.1000000000e+00 2.0974391890e-03 1.4836167517e-03 1.4826100247e-03
8.1100000000e+00 1.9650961564e-03 1.3890390639e-03 1.3900263965e-03
8.1200000000e+00 1.8604424518e-03 1.3152446359e-03 1.3158182489e-03
8.1300000000e+00 1.7797436176e-03 1.2582076353e-03 1.2587298722e-03
8.1400000000e+00 1.7210950167e-03 1.2170191931e-03 1.2169767213e-03
8.1500000000e+00 1.6843579177e-03 1.1910130128e-03 1.1910287982e-03
8.1600000000e+00 1.6674500400e-03 1.1789498956e-03 1.1791805543e-03
8.1700000000e+00 1.6676216869e-03 1.1790755659e-03 1.1792976301e-03
8.1800000000e+00 1.6816574823e-03 1.1891793421e-03 1.1890434727e-03
8.1900000000e+00 1.7072288894e-03 1.2069592045e-03 1.2074269996e-03
8.2000000000e+00 1.7392503570e-03 1.2300876485e-03 1.2295837432e-03
8.2100000000e+00 1.7768990624e-03 1.2565551918e-03 1.2563595537e-03
8.2200000000e+00 1.8165600807e-03 1.2845077486e-03 1.2844961544e-03
8.2300000000e+00 1.8562573334e-03 1.3125545237e-03 1.3125897722e-03
8.2400000000e+00 1.8942376040e-03 1.3393913495e-03 1.3394651594e-03
8.2500000000e+00 1.9293185080e-03 1.3642089679e-03 1.3642594318e-03
8.2600000000e+00 1.9605794521e-03 1.3863030319e-03 1.3863750185e-03
8.2700000000e+00 1.9872080838e-03 1.4051321150e-03 1.4052045075e-03
8.2800000000e+00 2.0088102116e-03 1.4203538773e-03 1.4205327624e-03
8.2900000000e+00 2.0249228881e-03 1.4316841819e-03 1.4319892131e-03
8.3000000000e+00 2.0347146923e-03 1.4390902904e-03 1.4384307474e-03
8.3100000000e+00 2.0397185137e-03 1.4424216419e-03 1.4421759331e-03
8.3200000000e+00 2.0389450626e-03 1.4417286999e-03 1.4417750602e-03
8.3300000000e+00 2.0318959609e-03 1.4370132497e-03 1.4365215335e-03
8.3400000000e+00 2.0199188443e-03 1.4283607088e-03 1.4282359129e-03
8.3500000000e+00 2.0024885535e-03 1.4158815067e-03 1.4160649582e-03
8.3600000000e+00 1.9792025273e-03 1.3996426139e-03 1.3993724299e-03
8.3700000000e+00 1.9511715555e-03 1.3797040063e-03 1.3796692698e-03
8.3800000000e+00 1.9180775684e-03 1.3562653537e-03 1.3563059569e-03
8.3900000000e+00 1.8793828985e-03 1.3290638936e-03 1.3287848757e-03
8.4000000000e+00 1.8565109804e-03 1.3128961199e-03 1.3126068713e-03
8.4100000000e+00 3.8572624629e-03 2.7274971880e-03 2.7274957007e-03
8.4200000000e+00 1.8964747549e-03 1.3410592725e-03 1.3409610447e-03
8.4300000000e+00 2.1198466430e-03 1.4989901142e-03 1.4989257577e-03
8.4400000000e+00 2.1018204057e-03 1.4859625516e-03 1.4864603302e-03
8.4500000000e+00 2.1173837293e-03 1.4974281874e-03 1.4970045694e-03
8.4600000000e+00 2.1864304317e-03 1.5461371963e-03 1.5459423672e-03
8.4700000000e+00 2.3290244670e-03 1.6472866550e-03 1.6464512273e-03
8.4800000000e+00 2.5531293754e-03 1.8046384887e-03 1.8060314318e-03
8.4900000000e+00 2.8872667994e-03 2.0404706127e-03 2.0427406223e-03
8.5000000000e+00 3.4135223071e-03 2.4148298284e-03 2.4126192075e-03
8.5100000000e+00 3.0928608608e-03 2.1882298033e-03 2.1857352612e-03
8.5200000000e+00 2.7948430879e-03 1.9760200582e-03 1.9764849141e-03
8.5300000000e+00 2.9989136684e-03 2.1204440315e-03 2.1206603451e-03
8.5400000000e+00 3.1623808490e-03 2.2371819207e-03 2.2350994806e-03
8.5500000000e+00 2.8566514445e-03 2.0193464124e-03 2.0205686185e-03
8.5600000000e+00 2.6025173634e-03 1.8410666405e-03 1.8394483553e-03
8.5700000000e+00 2.3316297372e-03 1.6484238732e-03 1.6489984735e-03
8.5800000000e+00 2.1769030270e-03 1.5397968595e-03 1.5388087666e-03
8.5900000000e+00 2.1532342516e-03 1.5223266388e-03 1.5228064050e-03
8.6000000000e+00 2.0977541202e-03 1.4838456095e-03 1.4828265428e-03
8.6100000000e+00 1.9653213984e-03 1.3891980323e-03 1.3901859681e-03
8.6200000000e+00 1.8605320382e-03 1.3153100114e-03 1.3158795686e-03
8.6300000000e+00 1.7789701622e-03 1.2581464873e-03 1.2576972030e-03
8.6400000000e+00 1.7210169016e-03 1.2169284669e-03 1.2169569762e-03
8.6500000000e+00 1.6841706372e-03 1.1908793563e-03 1.1908976000e-03
8.6600000000e+00 1.6671830097e-03 1.1787740942e-03 1.1789787202e-03
8.6700000000e+00 1.6673045569e-03 1.1788843124e-03 1.1790403995e-03
8.6800000000e+00 1.6813436922e-03 1.1890002948e-03 1.1887787474e-03
8.6900000000e+00 1.7069268735e-03 1.2067915418e-03 1.2071675634e-03
8.7000000000e+00 1.7389730377e-03 1.2299354946e-03 1.2293436887e-03
8.7100000000e+00 1.7766204317e-03 1.2563824683e-03 1.2561382295e-03
8.7200000000e+00 1.8163397869e-03 1.2843885063e-03 1.2843038528e-03
8.7300000000e+00 1.8560478396e-03 1.3124130791e-03 1.3124349480e-03
8.7400000000e+00 1.8940982285e-03 1.3393264338e-03 1.3393329694e-03
8.7500000000e+00 1.9292548656e-03 1.3641762430e-03 1.3642021531e-03
8.7600000000e+00 1.9604749756e-03 1.3862491674e-03 1.3862811316e-03
8.7700000000e+00 1.9871316453e-03 1.4051017606e-03 1.4051267624e-03
8.7800000000e+00 2.0087567764e-03 1.4203304965e-03 1.4204805762e-03
8.7900000000e+00 2.0249525815e-03 1.4316960483e-03 1.4320193373e-03
8.8000000000e+00 2.0347176177e-03 1.4391141604e-03 1.4384110042e-03
8.8100000000e+00 2.0396820553e-03 1.4424086985e-03 1.4421373142e-03
8.8200000000e+00 2.0389081290e-03 1.4417088033e-03 1.4417427249e-03
8.8300000000e+00 2.0319023792e-03 1.4370209634e-03 1.4365228956e-03
8.8400000000e+00 2.0199463459e-03 1.4283790964e-03 1.4282564186e-03
8.8500000000e+00 2.0024542875e-03 1.4158813377e-03 1.4160166704e-03
8.8600000000e+00 1.9791784183e-03 1.3996191314e-03 1.3993618183e-03
8.8700000000e+00 1.9511636074e-03 1.3797171899e-03 1.3796448451e-03
8.8800000000e+00 1.9180705992e-03 1.3562474298e-03 1.3563140244e-03
8.8900000000e+00 1.8793439510e-03 1.3290759363e-03 1.3287177434e-03
8.9000000000e+00 1.8563462103e-03 1.3128157280e-03 1.3124542342e-03
8.9100000000e+00 3.8575407256e-03 2.7276970188e-03 2.7276893927e-03
8.9200000000e+00 1.8962853998e-03 1.3409269733e-03 1.3408255553e-03
8.9300000000e+00 2.1198676009e-03 1.4990282945e-03 1.4989172150e-03
8.9400000000e+00 2.1018273790e-03 1.4859735222e-03 1.4864592233e-03
8.9500000000e+00 2.1174029266e-03 1.4974761898e-03 1.4969837055e-03
8.9600000000e+00 2.1864319851e-03 1.5461841007e-03 1.5458976525e-03
8.9700000000e+00 2.3288473802e-03 1.6472068997e-03 1.6462805198e-03
8.9800000000e+00 2.5530057140e-03 1.8045337026e-03 1.8059613206e-03
8.9900000000e+00 2.8871636529e-03 2.0405523291e-03 2.0425131948e-03
9.0000000000e+00 3.4136280548e-03 2.4150309691e-03 2.4125674944e-03
9.0100000000e+00 3.0922488849e-03 2.1879645217e-03 2.1851348742e-03
9.0200000000e+00 2.7947590390e-03 1.9760342241e-03 1.9763518996e-03
9.0300000000e+00 2.9992907693e-03 2.1207671622e-03 2.1208705200e-03
9.0400000000e+00 3.1627211500e-03 2.2374712970e-03 2.2352913161e-03
9.0500000000e+00 2.8565839154e-03 2.0194336199e-03 2.0203859830e-03
9.0600000000e+00 2.6021144192e-03 1.8409407163e-03 1.8390042767e-03
9.0700000000e+00 2.3311241502e-03 1.6480749533e-03 1.6486323884e-03
9.0800000000e+00 2.1764314060e-03 1.5395021312e-03 1.5384364963e-03
9.0900000000e+00 2.1529133153e-03 1.5221480714e-03 1.5225311137e-03
9.1000000000e+00 2.0974187128e-03 1.4836019704e-03 1.4825958487e-03
9.1100000000e+00 1.9650717634e-03 1.3890169256e-03 1.3900140344e-03
9.1200000000e+00 1.8604256502e-03 1.3152411950e-03 1.3157979324e-03
9.1300000000e+00 1.7797237634e-03 1.2581876407e-03 1.2587217861e-03
9.1400000000e+00 1.7210772101e-03 1.2170088130e-03 1.2169619189e-03
9.1500000000e+00 1.6843495477e-03 1.1910096262e-03 1.1910203479e-03
9.1600000000e+00 1.6674345170e-03 1.1789442115e-03 1.1791642865e-03
9.1700000000e+00 1.6675874339e-03 1.1790459679e-03 1.1792787860e-03
9.1800000000e+00 1.6816381995e-03 1.1891692663e-03 1.1890262782e-03
9.1900000000e+00 1.7072044016e-03 1.2069467391e-03 1.2074048359e-03
9.2000000000e+00 1.7392252548e-03 1.2300786588e-03 1.2295572293e-03
9.2100000000e+00 1.7768675657e-03 1.2565346870e-03 1.2563355151e-03
9.2200000000e+00 1.8165318582e-03 1.2844939993e-03 1.2844699909e-03
9.2300000000e+00 1.8562316285e-03 1.3125453678e-03 1.3125625761e-03
9.2400000000e+00 1.8942096128e-03 1.3393753762e-03 1.3394415474e-03
9.2500000000e+00 1.9292905911e-03 1.3641934888e-03 1.3642354305e-03
9.2600000000e+00 1.9605554126e-03 1.3862944729e-03 1.3863495809e-03
9.2700000000e+00 1.9871810233e-03 1.4051231793e-03 1.4051751742e-03
9.2800000000e+00 2.0087857172e-03 1.4203495936e-03 1.4205024075e-03
9.2900000000e+00 2.0248985673e-03 1.4316772295e-03 1.4319617726e-03
9.3000000000e+00 2.0346899886e-03 1.4390828048e-03 1.4384032921e-03
9.3100000000e+00 2.0396902902e-03 1.4424095003e-03 1.4421481592e-03
9.3200000000e+00 2.0389210732e-03 1.4417263325e-03 1.4417435017e-03
9.3300000000e+00 2.0319103764e-03 1.4370362901e-03 1.4365188751e-03
9.3400000000e+00 2.0198894865e-03 1.4283523018e-03 1.4282028006e-03
9.3500000000e+00 2.0024565976e-03 1.4158679873e-03 1.4160332863e-03
9.3600000000e+00 1.9791734476e-03 1.3996354180e-03 1.3993384980e-03
9.3700000000e+00 1.9511558198e-03 1.3796988701e-03 1.3796521521e-03
9.3800000000e+00 1.9180609093e-03 1.3562634869e-03 1.3562842644e-03
9.3900000000e+00 1.8793430430e-03 1.3290592609e-03 1.3287331389e-03
9.4000000000e+00 1.8564097317e-03 1.3129364802e-03 1.3124232895e-03
9.4100000000e+00 3.8572576007e-03 2.7274984118e-03 2.7274876007e-03
9.4200000000e+00 1.8964704034e-03 1.3410529415e-03 1.3409612221e-03
9.4300000000e+00 2.1198257572e-03 1.4989879993e-03 1.4988983350e-03
9.4400000000e+00 2.1017977541e-03 1.4859610075e-03 1.4864298447e-03
9.4500000000e+00 2.1173612790e-03 1.4974285991e-03 1.4969724034e-03
9.4600000000e+00 2.1864061353e-03 1.5461383977e-03 1.5459068030e-03
9.4700000000e+00 2.3290004960e-03 1.6472880334e-03 1.6464159393e-03
9.4800000000e+00 2.5531065746e-03 1.8046457774e-03 1.8059919157e-03
9.4900000000e+00 2.8872490442e-03 2.0404768397e-03 2.0427093063e-03
9.5000000000e+00 3.4134943646e-03 2.4148400650e-03 2.4125694266e-03
9.5100000000e+00 3.0928477975e-03 2.1882372930e-03 2.1857092781e-03
9.5200000000e+00 2.7948369967e-03 1.9760267642e-03 1.9764695964e-03
9.5300000000e+00 2.9989127300e-03 2.1204527611e-03 2.1206502894e-03
9.5400000000e+00 3.1623658003e-03 2.2371804788e-03 2.2350796318e-03
9.5500000000e+00 2.8566447182e-03 2.0193524597e-03 2.0205530653e-03
9.5600000000e+00 2.6025308299e-03 1.8410940387e-03 1.8394399857e-03
9.5700000000e+00 2.3316299467e-03 1.6484284470e-03 1.6489941974e-03
9.5800000000e+00 2.1769161175e-03 1.5398116467e-03 1.5388124887e-03
9.5900000000e+00 2.1532423291e-03 1.5223342278e-03 1.5228102399e-03
9.6000000000e+00 2.0977537510e-03 1.4838484232e-03 1.4828232048e-03
9.6100000000e+00 1.9653160316e-03 1.3892008748e-03 1.3901755406e-03
9.6200000000e+00 1.8605426638e-03 1.3153196386e-03 1.3158849692e-03
9.6300000000e+00 1.7789920370e-03 1.2581853557e-03 1.2576892615e-03
9.6400000000e+00 1.7210267988e-03 1.2169261182e-03 1.2169733214e-03
9.6500000000e+00 1.6841736063e-03 1.1908880302e-03 1.1908931252e-03
9.6600000000e+00 1.6671911834e-03 1.1787824151e-03 1.1789819591e-03
9.6700000000e+00 1.6673179713e-03 1.1788977483e-03 1.1790459348e-03
9.6800000000e+00 1.6813544694e-03 1.1890071232e-03 1.1887871604e-03
9.6900000000e+00 1.7069453298e-03 1.2068023821e-03 1.2071828236e-03
9.7000000000e+00 1.7389811131e-03 1.2299382504e-03 1.2293523546e-03
9.7100000000e+00 1.7766399484e-03 1.2563909746e-03 1.2561573250e-03
9.7200000000e+00 1.8163520061e-03 1.2843963330e-03 1.2843133067e-03
9.7300000000e+00 1.8560687170e-03 1.3124323451e-03 1.3124452072e-03
9.7400000000e+00 1.8941100537e-03 1.3393393057e-03 1.3393368209e-03
9.7500000000e+00 1.9292548797e-03 1.3641746787e-03 1.3642037373e-03
9.7600000000e+00 1.9604763342e-03 1.3862465728e-03 1.3862856475e-03
9.7700000000e+00 1.9871337367e-03 1.4050975393e-03 1.4051339412e-03
9.7800000000e+00 2.0087598753e-03 1.4203326870e-03 1.4204827683e-03
9.7900000000e+00 2.0249572291e-03 1.4317058361e-03 1.4320161237e-03
9.8000000000e+00 2.0347262840e-03 1.4391155962e-03 1.4384218267e-03
9.8100000000e+00 2.0396900536e-03 1.4424154967e-03 1.4421418272e-03
9.8200000000e+00 2.0389147231e-03 1.4417082057e-03 1.4417526479e-03
9.8300000000e+00 2.0319116708e-03 1.4370331002e-03 1.4365238971e-03
9.8400000000e+00 2.0199512741e-03 1.4283829854e-03 1.4282594992e-03
9.8500000000e+00 2.0024451756e-03 1.4158778846e-03 1.4160072376e-03
9.8600000000e+00 1.9791753486e-03 1.3996170933e-03 1.3993595151e-03
9.8700000000e+00 1.9511664027e-03 1.3797217662e-03 1.3796442219e-03
9.8800000000e+00 1.9180671328e-03 1.3562500543e-03 1.3563064978e-03
9.8900000000e+00 1.8793380453e-03 1.3290810580e-03 1.3287042672e-03
9.9000000000e+00 1.8565055571e-03 1.3129303063e-03 1.3125650057e-03
9.9100000000e+00 3.8575360814e-03 2.7277015072e-03 2.7276783364e-03
9.9200000000e+00 1.8962786108e-03 1.3409270078e-03 1.3408159193e-03
9.9300000000e+00 2.1198545316e-03 1.4990257121e-03 1.4989013142e-03
9.9400000000e+00 2.1018109952e-03 1.4859711445e-03 1.4864384337e-03
9.9500000000e+00 2.1173866232e-03 1.4974756032e-03 1.4969612320e-03
9.9600000000e+00 2.1864095482e-03 1.5461840933e-03 1.5458659263e-03
9.9700000000e+00 2.3288192638e-03 1.6472077849e-03 1.6462398601e-03
9.9800000000e+00 2.5529723704e-03 1.8045428292e-03 1.8059050644e-03
9.9900000000e+00 2.8871078147e-03 2.0405596335e-03 2.0424269670e-03
1.0000000000e+01 3.4135814596e-03 2.4150464836e-03 2.4124860338e-03
1.0010000000e+01 3.0922097171e-03 2.1879801130e-03 2.1850638342e-03
1.0020000000e+01 2.7947179303e-03 1.9760423046e-03 1.9762856879e-03
1.0030000000e+01 2.9992793759e-03 2.1207878570e-03 2.1208337134e-03
1.0040000000e+01 3.1627011931e-03 2.2374828542e-03 2.2352515102e-03
1.0050000000e+01 2.8565638790e-03 2.0194355548e-03 2.0203557199e-03
1.0060000000e+01 2.6021005391e-03 1.8409419022e-03 1.8389834498e-03
1.0070000000e+01 2.3311133700e-03 1.6480760036e-03 1.6486160954e-03
1.0080000000e+01 2.1764213514e-03 1.5394977610e-03 1.5384266451e-03
1.0090000000e+01 2.1529062548e-03 1.5221457921e-03 1.5225234086e-03
1.0100000000e+01 2.0974089533e-03 1.4835962583e-03 1.4825877578e-03
1.0110000000e+01 1.9650707727e-03 1.3890225578e-03 1.3900070056e-03
1.0120000000e+01 1.8604109025e-03 1.3152199355e-03 1.3157983308e-03
1.0130000000e+01 1.7797080943e-03 1.2581795177e-03 1.2587077509e-03
1.0140000000e+01 1.7210585738e-03 1.2169957604e-03 1.2169486158e-03
1.0150000000e+01 1.6843122390e-03 1.1909695811e-03 1.1910076302e-03
1.0160000000e+01 1.6674222109e-03 1.1789292293e-03 1.1791618640e-03
1.0170000000e+01 1.6675828890e-03 1.1790545267e-03 1.1792638021e-03
1.0180000000e+01 1.6816237487e-03 1.1891608309e-03 1.1890142768e-03
1.0190000000e+01 1.7071899667e-03 1.2069398232e-03 1.2073913390e-03
1.0200000000e+01 1.7392070983e-03 1.2300679187e-03 1.2295422913e-03
1.0210000000e+01 1.7768580187e-03 1.2565398352e-03 1.2563168634e-03
1.0220000000e+01 1.8165217595e-03 1.2844963903e-03 1.2844533180e-03
1.0230000000e+01 1.8562081046e-03 1.3125304923e-03 1.3125441838e-03
1.0240000000e+01 1.8941987462e-03 1.3393792094e-03 1.3394223470e-03
1.0250000000e+01 1.9292767692e-03 1.3641943702e-03 1.3642150023e-03
1.0260000000e+01 1.9605421724e-03 1.3862973419e-03 1.3863279877e-03
1.0270000000e+01 1.9871645677e-03 1.4051280396e-03 1.4051470426e-03
1.0280000000e+01 2.0087709064e-03 1.4203534094e-03 1.4204776474e-03
1.0290000000e+01 2.0248826399e-03 1.4316775148e-03 1.4319389649e-03
1.0300000000e+01 2.0346760471e-03 1.4390904407e-03 1.4383759314e-03
1.0310000000e+01 2.0396754077e-03 1.4424171404e-03 1.4421194687e-03
1.0320000000e+01 2.0389052594e-03 1.4417316229e-03 1.4417158472e-03
1.0330000000e+01 2.0318746118e-03 1.4370392857e-03 1.4364652901e-03
1.0340000000e+01 2.0198854262e-03 1.4283582923e-03 1.4281910670e-03
1.0350000000e+01 2.0024549641e-03 1.4158889078e-03 1.4160100578e-03
1.0360000000e+01 1.9791716427e-03 1.3996426019e-03 1.3993287599e-03
1.0370000000e+01 1.9511514997e-03 1.3797077464e-03 1.3796371659e-03
1.0380000000e+01 1.9180472008e-03 1.3562664202e-03 1.3562619444e-03
